
1 100.0 9680 0.000000e+00 0.000000e+00  -511.991162 -511.984663
2 100.0 9320 0.000000e+00 0.000000e+00  -511.995630 -511.982181
3 66.7 10000 7.958079e-13 2.652693e-13  -511.994649 -511.997651
4 75.0 9680 0.000000e+00 1.989520e-13  -511.992441 -511.992401
5 80.0 7360 0.000000e+00 1.591616e-13  -511.995757 -511.982196
6 66.7 10000 5.684342e-14 1.421085e-13  -511.999986 -511.983350
7 71.4 7400 0.000000e+00 1.218073e-13  -511.993714 -511.982209
8 75.0 9560 0.000000e+00 1.065814e-13  -511.998490 -511.982827
9 77.8 8360 0.000000e+00 9.473903e-14  -511.991101 -511.984975
10 70.0 10000 5.684342e-14 9.094947e-14  -511.991022 -511.985918
11 72.7 8800 0.000000e+00 8.268134e-14  -511.991401 -511.988954
12 66.7 10000 8.404641e-09 7.004625e-10  -511.999999 -511.983355
13 61.5 10000 1.496687e-10 6.580938e-10  -511.994748 -511.997861
14 64.3 8040 0.000000e+00 6.110871e-10  -511.991765 -511.990343
15 60.0 10000 5.684342e-14 5.703517e-10  -511.993269 -511.994534
16 56.2 10000 1.705303e-13 5.347154e-10  -511.991472 -511.989257
17 58.8 8600 0.000000e+00 5.032615e-10  -511.994074 -511.982158
18 61.1 8720 0.000000e+00 4.753026e-10  -511.995855 -511.982208
19 57.9 10000 6.821210e-13 4.503225e-10  -511.991469 -511.983788
20 60.0 8040 0.000000e+00 4.278064e-10  -511.993388 -511.982281
21 57.1 10000 1.924150e-10 4.165973e-10  -511.991065 -511.986942
22 59.1 7160 0.000000e+00 3.976611e-10  -511.993441 -511.994947
23 56.5 10000 3.524292e-11 3.819037e-10  -511.991745 -511.983341
24 58.3 8480 0.000000e+00 3.659911e-10  -511.991022 -511.986144
25 60.0 8720 0.000000e+00 3.513514e-10  -511.991302 -511.988495
26 57.7 10000 5.684342e-14 3.378401e-10  -511.994655 -511.997662
27 59.3 8040 0.000000e+00 3.253275e-10  -511.992323 -511.992071
28 60.7 6960 0.000000e+00 3.137087e-10  -511.995778 -511.999974
29 62.1 9120 0.000000e+00 3.028911e-10  -511.999550 -511.983188
30 63.3 8640 0.000000e+00 2.927948e-10  -511.991347 -511.984060
31 61.3 10000 7.048584e-12 2.835771e-10  -511.991686 -511.983423
32 62.5 9800 0.000000e+00 2.747154e-10  -511.992138 -511.991531
33 63.6 9080 0.000000e+00 2.663907e-10  -511.997745 -511.982606
34 64.7 9440 0.000000e+00 2.585556e-10  -511.991032 -511.985632
35 62.9 10000 5.684342e-14 2.511700e-10  -511.991185 -511.984567
36 63.9 7400 0.000000e+00 2.441930e-10  -511.992816 -511.993404
37 64.9 7840 0.000000e+00 2.375932e-10  -511.994325 -511.996951
38 65.8 9120 0.000000e+00 2.313407e-10  -511.991799 -511.990458
39 64.1 10000 5.684342e-14 2.254104e-10  -511.999999 -511.983355
40 65.0 9120 0.000000e+00 2.197751e-10  -511.995616 -511.982179
41 65.9 7440 0.000000e+00 2.144148e-10  -511.991279 -511.988384
42 64.3 10000 5.684342e-14 2.093110e-10  -511.995702 -511.999822
43 62.8 10000 7.958079e-13 2.044618e-10  -511.991137 -511.987548
44 63.6 8000 0.000000e+00 1.998150e-10  -511.991176 -511.984600
45 64.4 8200 0.000000e+00 1.953746e-10  -511.991317 -511.988571
46 65.2 9760 0.000000e+00 1.911273e-10  -511.991513 -511.983703
47 63.8 10000 2.324896e-11 1.875555e-10  -511.991128 -511.984823
48 64.6 8840 0.000000e+00 1.836481e-10  -511.993987 -511.982168
49 65.3 9560 0.000000e+00 1.799001e-10  -511.995674 -511.982186
50 66.0 9560 0.000000e+00 1.763021e-10  -511.992119 -511.982935
51 66.7 9840 0.000000e+00 1.728452e-10  -511.993038 -511.982392
52 67.3 9320 0.000000e+00 1.695213e-10  -511.993656 -511.982220
53 67.9 9480 0.000000e+00 1.663228e-10  -511.995180 -511.998763
54 66.7 10000 3.410605e-13 1.632490e-10  -511.991027 -511.985737
55 67.3 9000 0.000000e+00 1.602809e-10  -511.992005 -511.983042
56 66.1 10000 1.507971e-08 4.266992e-10  -511.997451 -511.982528
57 64.9 10000 5.684342e-14 4.192142e-10  -511.993809 -511.995801
58 63.8 10000 7.275958e-12 4.121118e-10  -511.991299 -511.988483
59 64.4 9600 0.000000e+00 4.051269e-10  -511.998266 -511.982758
60 65.0 9920 0.000000e+00 3.983748e-10  -511.991080 -511.985112
61 65.6 6960 0.000000e+00 3.918441e-10  -511.993717 -511.995590
62 66.1 8000 0.000000e+00 3.855240e-10  -511.991563 -511.983616
63 66.7 9800 0.000000e+00 3.794046e-10  -511.991043 -511.985468
64 67.2 9000 0.000000e+00 3.734764e-10  -511.993366 -511.982287
65 66.2 10000 1.136868e-13 3.677323e-10  -511.999975 -511.983346
66 66.7 8800 0.000000e+00 3.621606e-10  -511.994434 -511.997188
67 67.2 9120 0.000000e+00 3.567552e-10  -511.991329 -511.984106
68 66.2 10000 4.459366e-10 3.580667e-10  -511.994034 -511.996309
69 65.2 10000 2.842171e-12 3.529185e-10  -511.991977 -511.983070
70 64.3 10000 1.705303e-13 3.478793e-10  -511.992119 -511.991475
71 64.8 8320 0.000000e+00 3.429796e-10  -511.993966 -511.982171
72 65.3 9200 0.000000e+00 3.382160e-10  -511.994987 -511.982132
73 65.8 6880 0.000000e+00 3.335829e-10  -511.992764 -511.993269
74 66.2 9440 0.000000e+00 3.290750e-10  -511.993613 -511.982229
75 65.3 10000 5.684342e-14 3.246881e-10  -511.992595 -511.992822
76 65.8 8320 0.000000e+00 3.204159e-10  -511.992893 -511.993602
77 66.2 9960 0.000000e+00 3.162546e-10  -511.991912 -511.983139
78 66.7 9400 0.000000e+00 3.122001e-10  -512.000000 -511.983355
79 67.1 7880 0.000000e+00 3.082482e-10  -511.991229 -511.984402
80 66.2 10000 1.136868e-13 3.043965e-10  -511.994291 -511.996877
81 66.7 9560 0.000000e+00 3.006385e-10  -511.993004 -511.993882
82 67.1 9120 0.000000e+00 2.969722e-10  -511.991902 -511.983150
83 67.5 9280 0.000000e+00 2.933942e-10  -511.992952 -511.982426
84 67.9 9720 0.000000e+00 2.899014e-10  -511.994148 -511.996563
85 68.2 9560 0.000000e+00 2.864908e-10  -511.992622 -511.992894
86 68.6 7840 0.000000e+00 2.831595e-10  -511.995641 -511.999699
87 69.0 7160 0.000000e+00 2.799048e-10  -511.999109 -511.983031
88 69.3 8160 0.000000e+00 2.767241e-10  -511.991570 -511.983603
89 69.7 7960 0.000000e+00 2.736148e-10  -511.998158 -511.982725
90 68.9 10000 5.684342e-14 2.705753e-10  -511.991022 -511.985967
91 68.1 10000 5.684342e-14 2.676026e-10  -511.991026 -511.985780
92 68.5 9120 0.000000e+00 2.646939e-10  -511.993384 -511.994812
93 68.8 9040 0.000000e+00 2.618477e-10  -511.997174 -511.982459
94 69.1 9080 0.000000e+00 2.590621e-10  -511.991969 -511.983078
95 69.5 6880 0.000000e+00 2.563351e-10  -511.991253 -511.984324
96 69.8 9400 0.000000e+00 2.536649e-10  -511.992066 -511.982983
97 70.1 9480 0.000000e+00 2.510498e-10  -511.991759 -511.990323
98 70.4 7280 0.000000e+00 2.484881e-10  -511.995346 -511.982153
99 69.7 10000 6.821210e-13 2.459850e-10  -511.991021 -511.986025
100 70.0 8160 0.000000e+00 2.435252e-10  -511.991022 -511.985962
nbRand 3.874358e+07